1 191342080
2 0
3 0
4 0
6 0
8 0
9 0
10 0
11 0
12 0
13 0
15 0
16 0
17 0
18 0
19 0
20 0
21 0
22 0
23 0
24 0
25 0
26 0
27 0
28 0
29 0
30 0
31 0
33 0
51 0
144 0
145 0
146 0
147 0
148 0
149 0
449 0
450 0
451 0
453 0
454 0
456 0
457 0
523 0
532 0
561 0
562 0
651 163840
679 20029440
730 0
731 0
732 0
733 0
734 0
735 0
736 0
737 0
738 0
739 0
741 0
765 0
766 0
769 0
770 0
771 0
772 0
773 0
774 0
775 0
776 0
777 16384
798 999424
801 102400
803 364544
817 0
818 0
820 0
830 2584576
832 3891200
833 544768
838 2211840
840 6299648
842 2027520
845 10997760
847 2207744
848 0
859 704512
861 421888
863 8007680
866 258048
879 4988928
896 1400832
898 1073152
902 397312
1116 61440
1117 249856
1120 2109440
1465 8192
1470 106496
1476 0
1482 2719744
1530 942080
1534 0
1535 208896
1537 5873664
1558 4096
1559 311296
1898 0
1915 0
1916 0
1933 0
2627 0
2629 0
2635 9875456
2690 0
2695 0
2703 0
2705 0
2712 0
2719 143360
